100 1000 1
1 2 2778
3 2 8336
2 4 6650
2 5 28
6 1 7764
5 7 3427
3 8 5212
9 1 6430
9 10 2863
11 4 3136
11 12 4023
13 7 8168
11 14 5012
15 3 7374
16 7 3785
10 17 4325
11 18 6414
19 11 8981
20 2 6863
11 21 7282
22 10 7085
4 23 6506
24 12 1314
18 25 3896
26 8 8815
6 27 365
7 28 1088
25 29 7179
2 30 5404
12 31 2400
11 32 9677
33 25 13
17 34 8095
35 32 571
25 36 7468
37 22 2903
1 38 6653
39 3 281
40 30 3866
10 41 6620
42 17 8032
43 26 5772
44 11 710
45 20 7857
46 33 4587
2 47 4684
32 48 1529
40 49 8830
50 46 8271
19 51 6716
52 35 7797
40 53 2246
54 29 2922
55 48 7489
20 56 9842
57 39 1501
39 58 125
59 45 5857
60 8 2228
61 26 1937
62 47 6438
63 1 5408
64 13 8859
65 28 1238
66 36 5819
67 51 1012
68 33 8777
69 25 5764
18 70 8607
31 71 4819
71 72 7370
73 46 6997
74 27 9471
20 75 5500
76 23 5645
77 47 8140
2 78 7670
63 79 8465
80 39 9356
5 81 8612
27 82 9300
2 83 5569
43 84 3312
85 47 1802
57 86 4879
50 87 8737
20 88 8523
58 89 3417
7 90 2925
88 91 5625
59 92 3453
93 44 5551
94 60 974
95 46 4931
89 96 8661
97 52 7982
79 98 2960
99 56 9669
100 27 2927
67 85 1341
91 85 3377
43 37 9108
46 57 9180
19 88 9413
49 73 1660
10 37 5211
43 88 8207
2 14 7373
22 56 4820
100 22 9905
40 12 3941
68 6 6229
28 51 5985
59 21 9225
23 70 1397
82 31 85
93 73 7673
51 26 5386
23 100 6641
43 99 714
99 91 525
91 10 8582
20 37 7733
56 95 8005
80 70 5274
77 51 7256
61 43 5580
85 94 3206
22 68 2505
14 62 2755
27 60 8945
3 7 6785
22 43 869
29 90 8873
9 59 499
37 9 7754
49 4 3334
34 49 2891
55 68 1747
69 30 4501
47 89 9798
50 91 3304
34 64 2498
54 93 7687
26 53 3997
76 89 9158
30 37 2461
15 22 461
5 29 8028
51 49 7557
3 95 7698
100 44 1040
3 29 6404
1 82 7648
39 60 5152
36 35 4340
93 16 6128
5 30 50
65 86 6430
44 36 3178
1 39 7972
50 90 5368
89 93 5796
44 45 2830
91 83 5341
42 70 3827
33 62 6043
61 18 8024
62 82 6310
91 26 8997
68 78 4235
91 27 4525
58 15 3169
6 59 6313
87 1 4347
27 95 4917
53 79 3530
47 91 2648
71 52 9081
32 94 858
28 13 1887
15 56 3513
91 13 9480
11 70 6190
75 56 7642
21 34 8988
89 39 4567
71 85 6857
18 7 2261
50 38 7206
60 18 8519
46 84 6874
59 74 7638
90 84 6608
79 58 9315
72 30 1101
60 19 9439
26 89 3075
34 58 3682
94 59 271
100 18 1840
70 64 2623
95 74 9848
32 63 6683
91 93 5792
58 16 1522
58 75 1492
48 52 9232
22 38 3741
55 31 4099
26 82 7517
17 3 2232
40 97 5405
39 81 9219
22 71 9863
13 80 4978
86 37 9905
77 84 9208
60 58 9745
100 12 128
51 37 7561
19 6 564
50 45 8712
6 35 3292
76 56 3615
90 69 8994
19 6 6883
23 83 6718
31 94 1575
27 94 1487
54 44 3075
15 14 8180
78 63 5776
89 20 5711
33 95 1018
47 36 1138
92 54 3944
74 29 926
92 11 4019
18 37 6964
56 91 3859
31 5 8572
62 34 9686
90 74 2605
52 6 9251
69 4 9486
7 96 4640
50 21 968
27 64 7678
97 82 866
61 37 7956
71 19 9212
43 33 5197
80 22 8271
85 73 4428
35 41 7284
73 99 5831
64 48 6951
31 74 3715
60 23 4048
25 83 9436
33 5 2955
44 99 5487
41 79 9160
63 84 1042
49 24 8325
73 23 4155
36 22 7458
66 48 1172
77 70 5219
2 4 4654
34 8 3960
29 7 5798
21 85 1309
35 99 992
77 99 2716
53 72 8190
60 7 4011
17 25 3110
40 1 3379
10 54 5082
15 39 5990
27 68 5148
24 88 2232
33 23 1282
76 51 180
91 55 5351
32 14 7858
95 82 6082
4 21 2434
83 82 7488
16 97 8826
5 23 6893
52 98 33
35 82 8507
16 58 9709
96 100 1963
98 84 5777
55 78 1310
88 33 3383
22 67 3564
61 83 9212
86 87 4286
31 91 4584
15 77 4117
21 93 7526
29 40 7526
91 37 1361
19 44 338
29 83 6622
11 56 889
26 16 4571
38 54 9
23 84 2351
58 98 3828
27 70 2072
52 50 911
29 40 8399
89 11 2394
78 91 8977
100 53 6932
88 78 100
58 67 953
18 42 2736
69 99 8185
96 77 5806
67 29 8955
29 9 9594
79 98 2556
73 75 6446
1 26 998
84 13 6128
83 22 4694
35 40 7335
22 60 4986
58 55 1762
63 73 1542
17 53 1851
63 83 400
18 55 1174
16 7 9852
65 91 8264
92 73 38
38 60 8829
72 81 6988
57 91 8342
71 53 7666
12 70 9518
62 84 1352
13 1 6507
39 68 9365
90 33 4155
5 76 3680
42 13 2539
70 37 6171
57 45 2761
50 15 4466
15 27 3887
84 40 6970
36 53 2622
94 91 7290
10 32 4674
65 36 4549
96 78 4314
34 99 4950
56 94 8469
57 61 2934
24 87 3172
59 78 141
46 82 2762
91 24 51
1 55 1076
65 43 5625
60 20 6290
45 70 1239
52 77 5384
20 34 6344
5 57 5982
76 67 8012
68 13 193
30 3 6869
32 3 3175
8 19 5217
84 78 5488
73 74 8958
63 26 3934
98 97 3419
42 54 1727
75 81 5394
86 49 2306
31 30 9560
99 61 4563
25 20 4281
42 3 3011
81 27 7584
90 41 3709
24 39 2558
94 32 711
21 6 7691
14 92 3639
71 22 7668
30 72 6181
44 96 3900
25 89 9155
87 70 8233
70 11 2374
31 34 9664
88 80 95
50 100 2352
40 65 1743
31 87 7516
50 16 187
82 12 5635
34 88 2723
88 74 9644
20 43 5355
45 25 140
60 64 7419
54 13 5270
6 5 2734
100 35 4820
16 36 1088
54 70 2451
88 3 6838
63 90 3611
6 61 6705
12 58 9830
4 17 1893
22 23 3606
44 80 5362
29 79 4448
1 46 4883
88 100 5552
90 87 354
27 49 4795
37 7 7108
93 18 9665
22 21 8481
67 95 6355
24 38 2934
85 18 6313
32 18 6710
66 57 1609
70 46 2996
23 72 6296
70 60 4802
77 53 6572
41 26 1744
73 92 4090
28 67 8879
13 51 5197
25 34 4214
87 100 3371
95 69 5116
42 43 2640
38 64 3199
91 40 6203
14 32 5129
58 5 4572
47 84 8139
26 96 7541
22 73 7227
35 59 5726
57 53 7646
73 47 3340
12 84 7604
62 26 7543
17 40 9175
45 97 7331
68 95 2014
58 20 8861
51 93 7833
77 80 1991
54 36 9296
99 8 2742
38 71 4977
41 85 802
84 1 9493
10 97 6441
40 64 5736
5 74 2607
65 24 2252
50 52 2531
40 5 3166
87 3 5626
80 92 2548
8 85 7132
62 20 1932
54 29 8428
95 20 7544
82 24 3769
88 40 4644
39 89 7395
21 81 4099
87 19 8753
64 99 4696
11 6 3180
43 67 8099
26 73 4979
54 67 4798
49 48 2273
17 87 9913
60 78 1901
54 98 2933
4 36 5952
8 99 50
55 62 2907
35 4 5326
85 29 6798
64 34 116
61 82 1015
86 98 2101
98 9 8330
50 14 5880
35 17 7915
86 76 2766
87 31 6627
93 17 6630
70 53 7410
67 16 7396
34 29 7777
48 14 5027
1 63 3787
30 64 5101
9 98 9417
76 83 4545
41 21 8827
19 66 1795
100 35 1547
9 54 3063
4 87 3843
33 35 9808
11 35 870
97 16 7985
97 25 1383
66 52 9717
62 44 3038
88 62 603
82 61 4089
80 21 3942
94 25 6629
36 9 3163
43 71 1997
64 67 7812
1 16 6488
35 33 2291
51 94 1634
40 81 7495
94 14 2855
83 45 1476
24 39 752
52 74 4812
66 69 8682
14 84 2500
78 36 5015
65 70 8347
8 73 3392
41 12 2624
88 58 7837
94 40 3282
21 15 8372
72 19 597
35 84 9765
68 98 5801
68 75 336
34 91 7458
33 50 530
24 91 5293
48 30 2350
36 23 2141
69 44 2256
40 67 2026
37 54 8261
53 21 2958
5 88 2984
41 22 4827
98 6 7128
79 29 5170
71 28 2799
21 64 9222
61 84 8617
68 24 5383
93 12 7036
54 64 8609
63 69 9896
99 61 4969
77 10 2174
4 88 1255
74 58 8482
24 30 4397
45 43 2281
13 10 6856
48 55 2367
35 60 1282
43 74 9402
39 72 3414
59 100 4423
85 56 5662
91 81 6072
24 4 8001
21 1 9943
53 13 505
8 60 5359
26 95 9118
59 37 1091
61 27 615
74 38 8866
49 22 6621
10 64 5401
33 87 8005
34 59 6357
28 11 6369
32 70 6129
42 47 5375
59 6 11
2 66 8990
68 91 927
33 39 700
6 1 9563
58 33 2349
62 18 9808
70 98 570
39 29 5140
19 71 8586
93 81 8543
55 34 1708
44 1 551
22 86 6789
21 91 5141
35 48 5326
84 62 1695
43 31 4192
64 21 3321
55 39 7143
93 31 8423
35 86 7309
95 81 1709
45 3 9546
85 23 1088
26 58 1736
3 93 8549
97 87 1531
41 50 7052
13 57 7590
55 49 4873
29 83 2558
89 77 2338
98 21 5140
95 6 8015
83 24 2870
37 16 1418
85 54 9300
25 55 6351
37 11 293
43 59 5165
24 42 7722
12 70 6411
61 91 7903
56 48 5917
90 82 6440
59 18 7807
76 2 4512
75 79 5266
78 67 2977
70 62 9135
34 37 128
7 100 7698
17 61 6840
71 68 2987
87 9 5768
78 67 137
36 94 38
47 20 5368
13 97 3935
41 18 6096
75 51 632
3 9 3631
52 26 9243
91 48 1162
77 35 4170
96 64 1136
32 52 6181
21 98 5901
89 62 2997
75 2 4115
70 29 4417
53 83 1626
83 34 8503
78 24 2950
91 52 7236
61 47 7800
48 30 1503
29 50 3800
29 90 9014
77 64 3767
91 85 7195
60 37 5777
85 72 7210
39 1 4685
40 91 4836
76 51 9782
27 51 2363
29 79 6265
80 59 6854
45 35 770
12 78 4106
58 37 1143
35 73 4566
96 11 7266
33 50 3108
68 77 3559
2 3 5161
64 83 5039
28 15 1797
34 59 8431
55 70 5408
60 28 3496
2 14 7968
19 61 30
36 93 2632
44 13 3008
54 14 1663
14 29 97
52 57 2111
100 42 3070
82 96 3091
90 55 9370
37 9 7683
5 27 4296
34 15 1188
65 58 2252
25 11 4565
39 24 3194
35 27 4402
46 26 1395
67 7 8590
57 48 2796
27 85 8804
61 41 3883
56 74 1649
96 91 2506
47 67 9068
64 5 3791
9 91 769
62 36 9094
56 2 6252
45 11 7652
92 89 436
48 49 5276
82 57 2201
30 52 3843
35 50 9561
2 65 4665
44 73 1956
12 34 3543
57 41 2497
60 37 8259
11 29 3847
98 76 3295
25 57 7251
26 86 3254
20 72 3556
81 25 2720
97 68 6645
4 31 9730
47 87 3371
95 46 8859
53 9 6287
99 6 3514
45 31 4422
48 8 659
1 79 4730
8 59 2054
80 8 2773
76 11 1303
5 9 9441
27 3 7087
86 7 947
24 5 8752
38 2 4834
11 49 1393
70 1 2272
51 9 3382
57 88 9389
29 63 4952
84 19 7260
24 46 1515
62 83 5973
8 58 8130
12 95 7631
45 58 8079
38 27 9079
61 29 4187
42 85 8826
83 66 9640
34 49 6359
45 24 5056
11 86 4590
84 45 1247
13 56 4894
43 1 9951
21 90 3429
51 50 57
38 43 8242
15 25 3459
55 10 659
65 55 9282
20 17 9119
61 100 4764
7 64 1319
100 6 9971
2 78 2112
30 29 13
87 18 7056
80 84 8980
90 38 7090
48 54 4996
81 25 4212
100 85 712
15 44 5327
85 43 6633
8 97 1762
19 26 3442
32 64 2211
87 95 6895
18 36 3484
59 83 8338
54 16 9214
18 15 7999
81 42 1007
65 36 7639
24 32 5753
43 10 5546
26 25 7757
64 72 1003
81 7 4486
92 90 9175
45 57 8389
62 71 2739
42 3 1380
49 19 3767
39 43 251
43 85 960
89 62 5136
97 25 1207
99 57 114
36 48 3455
63 45 2111
3 58 2433
41 52 1887
72 100 2905
90 47 5540
85 83 2851
73 44 7987
69 20 9193
19 77 5658
54 76 5464
16 20 3926
70 78 2710
10 81 4596
33 32 7501
23 21 4447
14 57 2030
65 29 425
51 49 7745
95 19 773
5 73 6648
68 40 9620
94 10 9849
55 71 9529
51 56 1860
51 30 4032
49 43 8989
78 7 1569
55 9 4370
99 4 988
71 8 2212
70 27 8004
41 72 3065
89 27 1187
17 77 7542
28 79 123
60 27 1766
100 5 8024
68 59 533
89 9 1188
77 31 9295
40 52 9373
43 93 2645
7 81 4523
94 50 6899
87 29 9977
10 88 8203
27 39 9959
50 59 5669
82 47 9429
21 75 5659
15 63 5740
57 55 4736
16 35 9258
61 36 2508
47 65 2484
56 4 7038
34 43 3349
84 1 5369
17 47 1150
38 22 3160
4 88 3222
43 44 2776
78 11 9463
87 71 4098
94 18 2062
29 25 9118
67 59 960
67 94 260
87 10 4058
36 47 4031
96 3 418
17 97 7814
93 75 7524
7 61 8395
4 7 3164
18 35 8340
35 53 8550
94 19 6443
5 6 7905
14 93 7303
45 88 1005
62 57 1102
27 49 2328
51 55 3940
97 10 8446
12 27 4681
3 13 6033
53 58 2204
47 62 8561
51 28 6253
54 72 8441
58 85 1049
11 12 4149
38 14 3555
78 62 3364
75 25 8343
55 27 1255
40 79 5765
43 26 5778
3 28 1705
55 81 7576
47 91 161
95 1 3624
43 91 5489
97 20 4150
13 94 1826
55 49 4152
61 88 2383
25 30 2960
3 84 3787
7 38 2168
35 37 1810
47 31 1110
70 26 1452
58 74 4071
59 86 3765
84 40 1565
87 53 3504
69 77 5433
28 31 4968
67 38 9305
34 72 2293
95 18 2276
56 39 3401
8 48 5574
78 58 2160
94 93 7851
58 79 3903
61 48 2432
45 27 2862
12 93 6899
69 78 4822
61 72 6791
88 80 2781
88 87 8280
14 64 7437
25 10 8429
75 67 1760
30 28 3459
61 72 6485
74 36 7330
25 4 8159
46 16 783
89 4 2662
69 43 5248
1 56 8963
37 32 7572
18 59 2639
77 88 4018
35 100 7141
71 73 3328
52 97 1883
11 95 5099
62 24